15
0.00;18.80;38.50;26.10;54.70;75.60;19.70;20.20;28.20;22.50;36.30;60.30;88.80;77.10;97.20;
18.80;0.00;19.70;32.20;35.90;56.80;38.50;19.70;37.60;32.00;35.80;66.40;94.90;58.30;78.40;
38.50;19.70;0.00;51.90;16.20;37.10;58.20;39.40;57.30;51.70;24.60;86.10;999.99;38.60;58.70;
26.10;32.20;51.90;0.00;68.10;89.00;45.80;46.30;54.30;9.10;62.40;34.20;62.70;90.50;999.99;
54.40;35.60;15.90;67.80;0.00;53.00;74.10;51.30;69.20;67.60;35.20;999.99;999.99;22.40;42.50;
75.60;56.80;37.10;89.00;53.30;0.00;95.30;76.50;94.40;88.80;61.70;999.99;999.99;75.70;95.80;
19.80;38.60;58.30;45.90;74.50;95.40;0.00;28.50;10.50;42.30;44.60;80.10;999.99;96.90;999.99;
20.20;19.70;39.40;46.30;55.60;76.50;28.40;0.00;17.90;42.70;16.10;80.50;999.99;78.00;98.10;
30.30;37.70;57.40;56.40;73.60;94.50;10.50;18.00;0.00;52.80;34.10;90.60;999.99;96.00;999.99;
22.40;32.00;51.70;9.10;67.90;88.80;42.10;42.60;50.60;0.00;58.70;43.30;71.80;90.30;999.99;
36.30;35.80;38.80;62.40;55.00;75.90;44.50;16.10;34.00;58.80;0.00;96.60;999.99;77.40;97.50;
999.99;999.99;999.99;999.99;999.99;999.99;999.99;999.99;999.99;999.99;999.99;0.00;28.50;999.99;999.99;
999.99;999.99;999.99;999.99;999.99;999.99;999.99;999.99;999.99;999.99;999.99;28.60;0.00;999.99;999.99;
76.80;58.00;38.30;90.20;22.40;75.40;96.50;73.70;91.60;90.00;57.60;999.99;999.99;0.00;20.10;
96.90;78.10;58.40;999.99;42.50;95.50;999.99;93.80;999.99;999.99;77.70;999.99;999.99;20.10;0.00;
0;0;1;0;2;2;0;0;0;0;7;3;11;4;13;
1;1;1;1;2;2;0;1;7;1;7;3;11;4;13;
1;2;2;1;2;2;0;1;7;1;2;3;-1;4;13;
3;3;1;3;2;2;0;0;0;3;7;3;11;4;-1;
1;2;4;1;4;2;0;10;7;1;4;-1;-1;4;13;
1;2;5;1;2;5;0;1;7;1;2;-1;-1;4;13;
6;0;1;0;2;2;6;8;6;0;7;3;-1;4;-1;
7;7;1;0;2;2;8;7;7;0;7;3;-1;4;13;
6;7;1;0;2;2;8;8;8;0;7;3;-1;4;-1;
9;9;1;9;2;2;0;0;0;9;7;3;11;4;-1;
7;7;10;0;2;2;8;10;7;0;10;3;-1;4;13;
-1;-1;-1;-1;-1;-1;-1;-1;-1;-1;-1;11;11;-1;-1;
-1;-1;-1;-1;-1;-1;-1;-1;-1;-1;-1;12;12;-1;-1;
1;2;4;1;13;2;0;10;7;1;4;-1;-1;13;13;
1;2;4;-1;13;2;-1;10;-1;-1;4;-1;-1;14;14;
